0	-17.0916786423819
0.0211944262814081	-17.0751964353257
0.0423888474761543	-17.0264812561439
0.0635832737575624	-16.9477206279502
0.0847777000389705	-16.8426201969397
0.105972121233717	-16.7164274062928
0.127166547515125	-16.5759559864197
0.148360973796533	-16.4296414661832
0.169555394991279	-16.2873188558955
0.190749821272687	-16.1598958386038
0.211944247554095	-16.0584498963877
0.233138668748842	-15.9928775372861
0.25433309503025	-15.9701767127752
0.276813177052256	-15.9925801168652
0.299293259074263	-16.0556147423483
0.321773341096269	-16.1478888156662
0.344253423118276	-16.2537794652514
0.366733505140282	-16.356697543311
0.389213587162289	-16.4417869950624
0.411693669184295	-16.4975964540177
0.434173751206302	-16.5170025242231
0.45536817748771	-16.5422383612142
0.476562598682456	-16.6030860078112
0.497757024963864	-16.6754922337468
0.518951451245272	-16.7433419135275
0.540145872440019	-16.7980161135662
0.561340298721427	-16.8362764071212
0.582534725002835	-16.8589369587846
0.603729146197581	-16.8696430054805
0.624923572478989	-16.8732134111
0.646117998760397	-16.8737663464113
0.667312419955143	-16.8736400855922
0.688506846236551	-16.8735704244506
0.710756359889596	-16.8735078382687
0.733005867312778	-16.8717303907032
0.755255380965823	-16.8639223563424
0.777504888389004	-16.8442482540102
0.799754402042049	-16.8068813101732
0.822003909465231	-16.7474472949452
0.844253423118276	-16.6640999159609
0.86650293677132	-16.5583031456485
0.888752444194502	-16.4352238814934
0.911001957847547	-16.3038165734402
0.933251465270729	-16.1766441729898
0.955500978923773	-16.0688718562406
0.977750486346955	-15.9960071184942
1	-15.9701767127752
0	-16.1625663637734
0.0211944262814081	-16.1595137907805
0.0423888474761543	-16.1505503610793
0.0635832737575624	-16.1361511854246
0.0847777000389705	-16.1171364149128
0.105972121233717	-16.0946168182156
0.127166547515125	-16.0699965027177
0.148360973796533	-16.0448940015054
0.169555394991279	-16.0307666675711
0.190749821272687	-16.0127004858857
0.211944247554095	-15.9922358928649
0.233138668748842	-15.9762200889207
0.25433309503025	-15.9701758964337
0.276813177052256	-15.9770780638402
0.299293259074263	-15.9965339308773
0.321773341096269	-16.0250936383541
0.344253423118276	-16.0579717923809
0.366733505140282	-16.0900205434408
0.389213587162289	-16.1165747719589
0.411693669184295	-16.1340172687362
0.434173751206302	-16.1400821418746
0.45536817748771	-16.1412130469698
0.476562598682456	-16.1444729707045
0.497757024963864	-16.1495786425771
0.518951451245272	-16.1560840680132
0.540145872440019	-16.1634139983672
0.561340298721427	-16.1710149541001
0.582534725002835	-16.1783261085995
0.603729146197581	-16.1848663646064
0.624923572478989	-16.1902855116161
0.646117998760397	-16.1943043608345
0.667312419955143	-16.1967784198158
0.688506846236551	-16.1976119044902
0.710756359889596	-16.1965435855768
0.733005867312778	-16.19313944151
0.755255380965823	-16.1868813675492
0.777504888389004	-16.1770556091073
0.799754402042049	-16.1630224265597
0.822003909465231	-16.1444223575313
0.844253423118276	-16.1213947243055
0.86650293677132	-16.0947194051311
0.888752444194502	-16.065864726258
0.911001957847547	-16.0369158959982
0.933251465270729	-16.0104068383765
0.955500978923773	-15.9889860373421
0.977750486346955	-15.9750252370744
1	-15.9701758964337
0	-15.9087935461524
0.0211944262814081	-15.916396678796
0.0423888474761543	-15.9373388315959
0.0635832737575624	-15.9665271220299
0.0847777000389705	-15.9972065962757
0.105972121233717	-16.0227044788891
0.127166547515125	-16.0379303363724
0.148360973796533	-16.0404109260857
0.169555394991279	-16.0210372374265
0.190749821272687	-16.0002110051199
0.211944247554095	-15.9839973744182
0.233138668748842	-15.9737019474983
0.25433309503025	-15.970175352206
0.276813177052256	-15.977076703271
0.299293259074263	-15.9965336587635
0.321773341096269	-16.0250936383541
0.344253423118276	-16.0579704318117
0.366733505140282	-16.0900202713269
0.389213587162289	-16.1165739556174
0.411693669184295	-16.1340167245085
0.434173751206302	-16.1400813255331
0.45536817748771	-16.1268990429453
0.476562598682456	-16.1005663150882
0.497757024963864	-16.0804715247682
0.518951451245272	-16.0757296690921
0.540145872440019	-16.0868071511717
0.561340298721427	-16.1092345012792
0.582534725002835	-16.1363699649473
0.603729146197581	-16.1616664833234
0.624923572478989	-16.1805471017149
0.646117998760397	-16.1916104338752
0.667312419955143	-16.1964200458961
0.688506846236551	-16.1976119044902
0.710756359889596	-16.1965422250077
0.733005867312778	-16.1931380809408
0.755255380965823	-16.1868813675492
0.777504888389004	-16.1770553369934
0.799754402042049	-16.1630216102181
0.822003909465231	-16.1444223575313
0.844253423118276	-16.1213941800778
0.86650293677132	-16.0947191330173
0.888752444194502	-16.0658644541441
0.911001957847547	-16.0369156238843
0.933251465270729	-16.0104054778074
0.955500978923773	-15.9889846767729
0.977750486346955	-15.9750252370744
1	-15.970175352206
0	-9.80436458021956
0.0211944262814081	-9.82126938006031
0.0423888474761543	-9.87030238820057
0.0635832737575624	-9.94670188465428
0.0847777000389705	-10.0434919591659
0.105972121233717	-10.1525187206911
0.127166547515125	-10.2654448734616
0.148360973796533	-10.3745018396225
0.169555394991279	-10.4728737118527
0.190749821272687	-10.5550499128944
0.211944247554095	-10.6167348537594
0.233138668748842	-10.654928479425
0.25433309503025	-10.667860961513
0.276813177052256	-10.6439432439352
0.299293259074263	-10.575417905504
0.321773341096269	-10.4714954552821
0.344253423118276	-10.3465669055092
0.366733505140282	-10.2187044243752
0.389213587162289	-10.1076724560051
0.411693669184295	-10.0319739247885
0.434173751206302	-10.0050741117008
0.45536817748771	-10.0043921944321
0.476562598682456	-10.0023627694561
0.497757024963864	-9.9991107370226
0.518951451245272	-9.99489188413594
0.540145872440019	-9.99006540105733
0.561340298721427	-9.98511456195645
0.582534725002835	-9.98050032766858
0.603729146197581	-9.97659848739885
0.624923572478989	-9.97364251481708
0.646117998760397	-9.97165281846083
0.667312419955143	-9.97054721995216
0.688506846236551	-9.97019075082925
0.710756359889596	-9.96860732042758
0.733005867312778	-9.96557869345205
0.755255380965823	-9.96584863037566
0.777504888389004	-9.9761233766442
0.799754402042049	-10.003292310314
0.822003909465231	-10.0523187877222
0.844253423118276	-10.1244207903911
0.86650293677132	-10.216223562548
0.888752444194502	-10.3202094152933
0.911001957847547	-10.4261563924422
0.933251465270729	-10.5230291895594
0.955500978923773	-10.6005576863115
0.977750486346955	-10.6505803724671
1	-10.667860961513
0	-9.80436376387805
0.0211944262814081	-9.79005629058549
0.0423888474761543	-9.75393970981697
0.0635832737575624	-9.71496266842249
0.0847777000389705	-9.81723229921495
0.105972121233717	-9.94390346598255
0.127166547515125	-10.0837501124921
0.148360973796533	-10.2278071763595
0.169555394991279	-10.3661308017386
0.190749821272687	-10.488436174149
0.211944247554095	-10.5847718185573
0.233138668748842	-10.6465471012154
0.25433309503025	-10.6678598730576
0.276813177052256	-10.6439429718213
0.299293259074263	-10.5754176333902
0.321773341096269	-10.4714951831683
0.344253423118276	-10.3465666333954
0.366733505140282	-10.2187041522613
0.389213587162289	-10.1076713675498
0.411693669184295	-10.0319736526747
0.434173751206302	-10.0050732953593
0.45536817748771	-9.98743868621503
0.476562598682456	-9.9379319278893
0.497757024963864	-9.86674994209406
0.518951451245272	-9.79007969237524
0.540145872440019	-9.75194702020854
0.561340298721427	-9.80033266953705
0.582534725002835	-9.84678767121134
0.603729146197581	-9.88843850314144
0.624923572478989	-9.923029613755
0.646117998760397	-9.94886845500281
0.667312419955143	-9.96480779495954
0.688506846236551	-9.97019075082925
0.710756359889596	-9.96860541563074
0.733005867312778	-9.96557814922438
0.755255380965823	-9.96584863037566
0.777504888389004	-9.97612310453037
0.799754402042049	-10.0032912218586
0.822003909465231	-10.0523179713807
0.844253423118276	-10.1244202461635
0.86650293677132	-10.2162232904342
0.888752444194502	-10.3202091431795
0.911001957847547	-10.4261563924422
0.933251465270729	-10.5230275568764
0.955500978923773	-10.6005574141977
0.977750486346955	-10.6505803724671
1	-10.6678598730576
0	-9.56594905106374
0.0211944262814081	-9.58256976406151
0.0423888474761543	-9.63173746854973
0.0635832737575624	-9.71126028759329
0.0847777000389705	-9.69956646767898
0.105972121233717	-9.73306395279258
0.127166547515125	-9.82886543774422
0.148360973796533	-9.98150415560324
0.169555394991279	-10.1684926191048
0.190749821272687	-10.3587456322762
0.211944247554095	-10.5210422143415
0.233138668748842	-10.6296817578806
0.25433309503025	-10.6678596009438
0.276813177052256	-10.6341759899675
0.299293259074263	-10.5360697008396
0.321773341096269	-10.3826176347299
0.344253423118276	-10.1897585873676
0.366733505140282	-9.98136837079993
0.389213587162289	-9.78958362885535
0.411693669184295	-9.65191906318288
0.434173751206302	-9.60146534871385
0.45536817748771	-9.60880997321487
0.476562598682456	-9.63008954716934
0.497757024963864	-9.66319029031255
0.518951451245272	-9.70501228184441
0.540145872440019	-9.72745432609891
0.561340298721427	-9.69654382720781
0.582534725002835	-9.70665639363112
0.603729146197581	-9.75452176130849
0.624923572478989	-9.82520033651031
0.646117998760397	-9.8974892813834
0.667312419955143	-9.9507076724087
0.688506846236551	-9.97019047871541
0.710756359889596	-9.94646813887063
0.733005867312778	-9.87959725255187
0.755255380965823	-9.78233261151332
0.777504888389004	-9.67533064902891
0.799754402042049	-9.58567621559364
0.822003909465231	-9.5431121696357
0.844253423118276	-9.57225120746564
0.86650293677132	-9.68239717319131
0.888752444194502	-9.86172399957492
0.911001957847547	-10.081190337653
0.933251465270729	-10.3041628624859
0.955500978923773	-10.4947195546963
0.977750486346955	-10.6227371407159
1	-10.6678596009438
0	-3.97192019449458
0.0211944262814081	-3.97854480579011
0.0423888474761543	-3.99709698278359
0.0635832737575624	-4.02236982725609
0.0847777000389705	-4.04882636690771
0.105972121233717	-4.07303606262969
0.127166547515125	-4.09571647860302
0.148360973796533	-4.12437795665381
0.169555394991279	-4.17237312263012
0.190749821272687	-4.25229431632707
0.211944247554095	-4.34870832951967
0.233138668748842	-4.42450699862729
0.25433309503025	-4.4527932317006
0.276813177052256	-4.42272247610209
0.299293259074263	-4.35908920018358
0.321773341096269	-4.30776472144486
0.344253423118276	-4.28322522375574
0.366733505140282	-4.27622427902741
0.389213587162289	-4.27677068360664
0.411693669184295	-4.27903412648017
0.434173751206302	-4.27976284732837
0.45536817748771	-4.2481611792982
0.476562598682456	-4.16014759228363
0.497757024963864	-4.03119366256026
0.518951451245272	-3.87169060111772
0.540145872440019	-3.68383382237095
0.561340298721427	-3.46818687407077
0.582534725002835	-3.22616420392775
0.603729146197581	-2.96636107162526
0.624923572478989	-2.71163830460876
0.646117998760397	-2.49461881412847
0.667312419955143	-2.34902457921127
0.688506846236551	-2.29784595348772
0.710756359889596	-2.35147795754113
0.733005867312778	-2.50504920951022
0.755255380965823	-2.73735496674497
0.777504888389004	-3.01459814680025
0.799754402042049	-3.29455647869395
0.822003909465231	-3.53287186995876
0.844253423118276	-3.69901750220989
0.86650293677132	-3.79863293466279
0.888752444194502	-3.88998454208247
0.911001957847547	-4.02835742006557
0.933251465270729	-4.19045127732429
0.955500978923773	-4.33003288495926
0.977750486346955	-4.42113768513124
1	-4.4527932317006
0	-2.76073117779255
0.0211944262814081	-2.76890030721145
0.0423888474761543	-2.79503275928644
0.0635832737575624	-2.87881633674715
0.0847777000389705	-3.12058349199978
0.105972121233717	-3.25563467640784
0.127166547515125	-3.26735761250242
0.148360973796533	-3.36642337501007
0.169555394991279	-3.55796511930064
0.190749821272687	-3.69604438645656
0.211944247554095	-3.77028221061075
0.233138668748842	-3.80223463337331
0.25433309503025	-3.81101765160234
0.276813177052256	-3.81153793325348
0.299293259074263	-3.81319456227657
0.321773341096269	-3.81587352297505
0.344253423118276	-3.81907004418632
0.366733505140282	-3.82227064710511
0.389213587162289	-3.82490498113477
0.411693669184295	-3.93964069090322
0.434173751206302	-4.0106991370177
0.45536817748771	-3.97347042700847
0.476562598682456	-3.85721931529692
0.497757024963864	-3.65690598155836
0.518951451245272	-3.42219854762226
0.540145872440019	-3.22272522929013
0.561340298721427	-3.00877599920201
0.582534725002835	-2.79867064913692
0.603729146197581	-2.61243648518396
0.624923572478989	-2.46705068946382
0.646117998760397	-2.36886984114524
0.667312419955143	-2.31487783048908
0.688506846236551	-2.29784595348772
0.710756359889596	-2.31346365489233
0.733005867312778	-2.36059812481082
0.755255380965823	-2.44072530868032
0.777504888389004	-2.55404031212
0.799754402042049	-2.69794825760618
0.822003909465231	-2.86368054894304
0.844253423118276	-3.03948567808341
0.86650293677132	-3.21452262986962
0.888752444194502	-3.3795708270271
0.911001957847547	-3.52594711710403
0.933251465270729	-3.64681872172164
0.955500978923773	-3.73676567752876
0.977750486346955	-3.79219172809157
1	-3.81101765160234
0	-2.76073117779255
0.0211944262814081	-2.75434357764669
0.0423888474761543	-2.74442666107022
0.0635832737575624	-2.83987113267129
0.0847777000389705	-2.90854613371131
0.105972121233717	-3.01355921618097
0.127166547515125	-3.16945840200232
0.148360973796533	-3.24928272317426
0.169555394991279	-3.43043842663807
0.190749821272687	-3.58845982825297
0.211944247554095	-3.70953551824628
0.233138668748842	-3.78514017019006
0.25433309503025	-3.81101765160234
0.276813177052256	-3.76990370026727
0.299293259074263	-3.62790517755623
0.321773341096269	-3.35824390526548
0.344253423118276	-3.14718316352823
0.366733505140282	-3.46122756275908
0.389213587162289	-3.74240224349202
0.411693669184295	-3.82676841667191
0.434173751206302	-3.82722203043366
0.45536817748771	-3.80020357571425
0.476562598682456	-3.72010686859419
0.497757024963864	-3.59148736677315
0.518951451245272	-3.37803365597726
0.540145872440019	-3.03934172986508
0.561340298721427	-2.66707095660286
0.582534725002835	-2.46784771088442
0.603729146197581	-2.41701004379523
0.624923572478989	-2.37002741339626
0.646117998760397	-2.33181038594093
0.667312419955143	-2.30665672732784
0.688506846236551	-2.29784595348772
0.710756359889596	-2.31346365489233
0.733005867312778	-2.36059812481082
0.755255380965823	-2.44072530868032
0.777504888389004	-2.55404004000616
0.799754402042049	-2.69794798549234
0.822003909465231	-2.86368054894304
0.844253423118276	-3.03948567808341
0.86650293677132	-3.21452262986962
0.888752444194502	-3.3795708270271
0.911001957847547	-3.52594684499019
0.933251465270729	-3.64681872172164
0.955500978923773	-3.73676540541493
0.977750486346955	-3.79219145597774
1	-3.81101765160234
0	-1.93459929131169
0.0211944262814081	-2.2215661871211
0.0423888474761543	-2.56515099208745
0.0635832737575624	-2.74881095916812
0.0847777000389705	-2.79645183293221
0.105972121233717	-2.9045721832755
0.127166547515125	-3.0646472279977
0.148360973796533	-3.16572527230985
0.169555394991279	-2.98393146190466
0.190749821272687	-2.77041108321937
0.211944247554095	-2.57571172999582
0.233138668748842	-2.44161539303225
0.25433309503025	-2.39432391343138
0.276813177052256	-2.44872708809113
0.299293259074263	-2.60615773057181
0.321773341096269	-2.84882803164042
0.344253423118276	-2.97962580470486
0.366733505140282	-2.54741760562131
0.389213587162289	-2.59208781265657
0.411693669184295	-2.6430201753601
0.434173751206302	-2.66255822077517
0.45536817748771	-2.65924523484282
0.476562598682456	-2.64849238456745
0.497757024963864	-2.62881039093404
0.518951451245272	-2.59982727433114
0.540145872440019	-2.5622015502377
0.561340298721427	-2.51752780572259
0.582534725002835	-2.29288776731332
0.603729146197581	-1.94551921948131
0.624923572478989	-1.63414208005407
0.646117998760397	-1.36241410319197
0.667312419955143	-1.16188960911801
0.688506846236551	-1.0855551478707
0.710756359889596	-1.15784191583311
0.733005867312778	-1.34694089423335
0.755255380965823	-1.59468285294526
0.777504888389004	-1.8447089351821
0.799754402042049	-2.06099290196833
0.822003909465231	-2.22628872271501
0.844253423118276	-2.51611063687367
0.86650293677132	-2.80356788181244
0.888752444194502	-2.94784508577173
0.911001957847547	-2.91386242169162
0.933251465270729	-2.76255923853124
0.955500978923773	-2.58353854021119
0.977750486346955	-2.4454674364703
1	-2.39432391343138
0	-1.89668158907407
0.0211944262814081	-2.04220180902835
0.0423888474761543	-2.18539572781338
0.0635832737575624	-2.29327743432401
0.0847777000389705	-2.36750464603866
0.105972121233717	-2.41223118063762
0.127166547515125	-2.43338748702515
0.148360973796533	-2.4375244336477
0.169555394991279	-2.4303126006978
0.190749821272687	-2.4184410904497
0.211944247554095	-2.40622834945342
0.233138668748842	-2.39742465057299
0.25433309503025	-2.39432391343138
0.276813177052256	-2.39711335234657
0.299293259074263	-2.40791001294927
0.321773341096269	-2.43086471966755
0.344253423118276	-2.47119471104606
0.366733505140282	-2.52827820697346
0.389213587162289	-2.59208781265657
0.411693669184295	-2.64301990324626
0.434173751206302	-2.66255822077517
0.45536817748771	-2.64422890501196
0.476562598682456	-2.58854652321726
0.497757024963864	-2.49716199002364
0.518951451245272	-2.37245140343202
0.540145872440019	-2.21688773396834
0.561340298721427	-2.03613992914212
0.582534725002835	-1.83699260318345
0.603729146197581	-1.6291055250954
0.624923572478989	-1.42766944967661
0.646117998760397	-1.25240773186329
0.667312419955143	-1.13007052213425
0.688506846236551	-1.0855551478707
0.710756359889596	-1.15784164371928
0.733005867312778	-1.34694089423335
0.755255380965823	-1.59468285294526
0.777504888389004	-1.84470866306826
0.799754402042049	-2.06099290196833
0.822003909465231	-2.22628872271501
0.844253423118276	-2.33737266482743
0.86650293677132	-2.40010061801929
0.888752444194502	-2.42567904632769
0.911001957847547	-2.42753731170198
0.933251465270729	-2.41828326442582
0.955500978923773	-2.40641638011291
0.977750486346955	-2.39748614829954
1	-2.39432391343138
0	-1.81759197525468
0.0211944262814081	-1.63941346925173
0.0423888474761543	-1.40485651426598
0.0635832737575624	-1.29895470801357
0.0847777000389705	-1.62508477108009
0.105972121233717	-1.92766365390359
0.127166547515125	-2.15923660858263
0.148360973796533	-2.30111512909275
0.169555394991279	-2.37059749187908
0.190749821272687	-2.39637401905884
0.211944247554095	-2.40022089233404
0.233138668748842	-2.39644231963124
0.25433309503025	-2.39432391343138
0.276813177052256	-2.39711335234657
0.299293259074263	-2.40790974083543
0.321773341096269	-2.43086471966755
0.344253423118276	-2.47119471104606
0.366733505140282	-2.52827820697346
0.389213587162289	-2.13555644638215
0.411693669184295	-1.83040581571089
0.434173751206302	-1.71601950010565
0.45536817748771	-1.68912404083934
0.476562598682456	-1.60988884611861
0.497757024963864	-1.4848854650413
0.518951451245272	-1.39161436663462
0.540145872440019	-1.49104476168021
0.561340298721427	-1.48794103128642
0.582534725002835	-1.35992834331583
0.603729146197581	-1.11282612422832
0.624923572478989	-1.07463521970108
0.646117998760397	-1.08314122604681
0.667312419955143	-1.08545745900419
0.688506846236551	-1.08555487575686
0.710756359889596	-1.07331383492182
0.733005867312778	-1.03680649868726
0.755255380965823	-0.978058210321741
0.777504888389004	-1.30027636490666
0.799754402042049	-1.73245871317595
0.822003909465231	-2.14657569610129
0.844253423118276	-2.33737266482743
0.86650293677132	-2.40010034590545
0.888752444194502	-2.42567904632769
0.911001957847547	-2.42753703958815
0.933251465270729	-2.41828326442582
0.955500978923773	-2.40641638011291
0.977750486346955	-2.3974858761857
1	-2.39432391343138
0	-1.81759197525468
0.0211944262814081	-1.56158129346054
0.0423888474761543	-1.29895008207839
0.0635832737575624	-1.1576576947673
0.0847777000389705	-1.02390367700725
0.105972121233717	-1.00571313929953
0.127166547515125	-0.89971255572527
0.148360973796533	-0.730562786743695
0.169555394991279	-0.529353382148858
0.190749821272687	-0.328349695612736
0.211944247554095	-0.156821107491893
0.233138668748842	-0.0407618360335089
0.25433309503025	0
0.276813177052256	-0.045469677480372
0.299293259074263	-0.170057812846565
0.321773341096269	-0.341218503063463
0.344253423118276	-0.520296073174877
0.366733505140282	-0.674100798813785
0.389213587162289	-0.784292479663608
0.411693669184295	-0.847480577349229
0.434173751206302	-0.86725808293847
0.45536817748771	-0.917881596440087
0.476562598682456	-1.05229440179293
0.497757024963864	-1.22824375126547
0.518951451245272	-1.32446211461123
0.540145872440019	-1.13915885208534
0.561340298721427	-1.00357051496841
0.582534725002835	-1.03215389634876
0.603729146197581	-1.05700442015047
0.624923572478989	-0.792922025690102
0.646117998760397	-0.474101212326153
0.667312419955143	-0.234001570649979
0.688506846236551	-0.14224968378008
0.710756359889596	-0.240706999754285
0.733005867312778	-0.506198671762379
0.755255380965823	-0.878095016388635
0.777504888389004	-0.898605868761257
0.799754402042049	-0.801865863195188
0.822003909465231	-0.704650746874467
0.844253423118276	-0.71535652145651
0.86650293677132	-0.672004705948333
0.888752444194502	-0.578496052164328
0.911001957847547	-0.444766524649362
0.933251465270729	-0.29079744225455
0.955500978923773	-0.144754763738454
0.977750486346955	-0.038614857881047
1	0
0	-0.707075281137893
0.0211944262814081	-0.786635651890586
0.0423888474761543	-1.00147224519229
0.0635832737575624	-1.07873651941133
0.0847777000389705	-0.91313729173943
0.105972121233717	-0.74132788214161
0.127166547515125	-0.604601292855895
0.148360973796533	-0.477660461278523
0.169555394991279	-0.353339269583757
0.190749821272687	-0.23064722341482
0.211944247554095	-0.117217387937076
0.233138668748842	-0.0320463020353827
0.25433309503025	0
0.276813177052256	-0.045469677480372
0.299293259074263	-0.170057812846565
0.321773341096269	-0.341218230949629
0.344253423118276	-0.520296073174877
0.366733505140282	-0.674100798813785
0.389213587162289	-0.784292479663608
0.411693669184295	-0.847480577349229
0.434173751206302	-0.86725808293847
0.45536817748771	-0.87340295754416
0.476562598682456	-0.889818496710881
0.497757024963864	-0.914200168376124
0.518951451245272	-0.943360158971308
0.540145872440019	-0.973574046446655
0.561340298721427	-0.941250732527976
0.582534725002835	-0.742607633504226
0.603729146197581	-0.554300234247898
0.624923572478989	-0.389119245539284
0.646117998760397	-0.274153055353199
0.667312419955143	-0.179976634219873
0.688506846236551	-0.14224968378008
0.710756359889596	-0.180467255463078
0.733005867312778	-0.280875899742899
0.755255380965823	-0.410455419171274
0.777504888389004	-0.539138323515701
0.799754402042049	-0.642625935830389
0.822003909465231	-0.704650746874467
0.844253423118276	-0.71535652145651
0.86650293677132	-0.672004705948333
0.888752444194502	-0.578496052164328
0.911001957847547	-0.444766252535528
0.933251465270729	-0.29079744225455
0.955500978923773	-0.144754763738454
0.977750486346955	-0.038614857881047
1	0
0	-0.707075281137893
0.0211944262814081	-0.746504031497268
0.0423888474761543	-0.846149124358102
0.0635832737575624	-0.957531847460564
0.0847777000389705	-0.895914118712569
0.105972121233717	-0.685917886295024
0.127166547515125	-0.487451661263555
0.148360973796533	-0.324706363485572
0.169555394991279	-0.198388944702534
0.190749821272687	-0.106946451262211
0.211944247554095	-0.0459850610824963
0.233138668748842	-0.0111378913508782
0.25433309503025	0
0.276813177052256	-0.00306781136766343
0.299293259074263	-0.0120932830230327
0.321773341096269	-0.0258467325490015
0.344253423118276	-0.0420426758514605
0.366733505140282	-0.0581169842699962
0.389213587162289	-0.0714845763789578
0.411693669184295	-0.0805465112881203
0.434173751206302	-0.083359896220732
0.45536817748771	-0.102911547327521
0.476562598682456	-0.157524249639669
0.497757024963864	-0.238302874028429
0.518951451245272	-0.332047450506755
0.540145872440019	-0.420461044857717
0.561340298721427	-0.484523444292877
0.582534725002835	-0.504517552494203
0.603729146197581	-0.469117447451331
0.624923572478989	-0.384152079608353
0.646117998760397	-0.257801462937533
0.667312419955143	-0.172244519618832
0.688506846236551	-0.14224968378008
0.710756359889596	-0.180467255463078
0.733005867312778	-0.280875899742899
0.755255380965823	-0.410455419171274
0.777504888389004	-0.539138323515701
0.799754402042049	-0.642625663716555
0.822003909465231	-0.691777313488556
0.844253423118276	-0.573051326454237
0.86650293677132	-0.45120881967592
0.888752444194502	-0.332706510213378
0.911001957847547	-0.223790226904821
0.933251465270729	-0.131144173975481
0.955500978923773	-0.0597156530463856
0.977750486346955	-0.0152459939069907
1	0
0	1.90811771718732
0.0211944262814081	1.97499948805944
0.0423888474761543	2.15498891162953
0.0635832737575624	2.40613419806676
0.0847777000389705	2.69076989465789
0.105972121233717	2.98130828454221
0.127166547515125	3.25862139785289
0.148360973796533	3.50957212289861
0.169555394991279	3.72600874554587
0.190749821272687	3.90232463235319
0.211944247554095	4.03404786456801
0.233138668748842	4.11648856025655
0.25433309503025	4.1446028173866
0.276813177052256	4.11369204638166
0.299293259074263	4.03013650031409
0.321773341096269	3.91477683352363
0.344253423118276	3.78829913969221
0.366733505140282	3.6688294655488
0.389213587162289	3.57127747230124
0.411693669184295	3.50762569264201
0.434173751206302	3.48555290686063
0.45536817748771	3.45795076796669
0.476562598682456	3.3771432995115
0.497757024963864	3.24864434411904
0.518951451245272	3.08043064672739
0.540145872440019	2.88275001433548
0.561340298721427	2.66728211693825
0.582534725002835	2.44665004319408
0.603729146197581	2.23416941146957
0.624923572478989	2.04374877617623
0.646117998760397	1.89049698584857
0.667312419955143	1.78975309732492
0.688506846236551	1.75440986407341
0.710756359889596	1.80375471466775
0.733005867312778	1.9382556849029
0.755255380965823	2.13322960098523
0.777504888389004	2.36803771704002
0.799754402042049	2.62572108257347
0.822003909465231	2.89076186195816
0.844253423118276	3.14923245281419
0.86650293677132	3.38942107571417
0.888752444194502	3.5999775905165
0.911001957847547	3.78512438758767
0.933251465270729	3.93696091386324
0.955500978923773	4.04918365237212
0.977750486346955	4.1202333908439
1	4.1446028173866
0	3.4765682522804
0.0211944262814081	3.47799249608902
0.0423888474761543	3.4856416159706
0.0635832737575624	3.50699602122949
0.0847777000389705	3.54504270542456
0.105972121233717	3.60573878461585
0.127166547515125	3.6889979987179
0.148360973796533	3.78892853899089
0.169555394991279	3.89514490883573
0.190749821272687	3.99380712652715
0.211944247554095	4.07297783026915
0.233138668748842	4.12596329185232
0.25433309503025	4.1446028173866
0.276813177052256	4.11369204638166
0.299293259074263	4.03013650031409
0.321773341096269	3.91477683352363
0.344253423118276	3.78829913969221
0.366733505140282	3.6688294655488
0.389213587162289	3.57127747230124
0.411693669184295	3.50762596475584
0.434173751206302	3.48555290686063
0.45536817748771	3.46511498099559
0.476562598682456	3.40461781701716
0.497757024963864	3.30497843854684
0.518951451245272	3.16808232234237
0.540145872440019	2.99756137174986
0.561340298721427	2.79833105107174
0.582534725002835	2.57833980540729
0.603729146197581	2.34927356336963
0.624923572478989	2.12751983640055
0.646117998760397	1.93598707186652
0.667312419955143	1.80270571583661
0.688506846236551	1.75440986407341
0.710756359889596	1.81741782240074
0.733005867312778	1.98048965677986
0.755255380965823	2.19655484404333
0.777504888389004	2.43376164354728
0.799754402042049	2.67764121849543
0.822003909465231	2.92168787133782
0.844253423118276	3.16097062728349
0.86650293677132	3.38942107571417
0.888752444194502	3.5999775905165
0.911001957847547	3.78512438758767
0.933251465270729	3.93744908608194
0.955500978923773	4.05097388928784
0.977750486346955	4.12098850673402
1	4.1446028173866
0	3.4765682522804
0.0211944262814081	3.47872938035224
0.0423888474761543	3.48703211766377
0.0635832737575624	3.50804039412545
0.0847777000389705	3.55106131921115
0.105972121233717	3.61622278642296
0.127166547515125	3.70047684870313
0.148360973796533	3.79734991793416
0.169555394991279	3.89848782728985
0.190749821272687	3.99438264728665
0.211944247554095	4.07470003872631
0.233138668748842	4.12668657042383
0.25433309503025	4.1446028173866
0.276813177052256	4.13494359261119
0.299293259074263	4.10748159234191
0.321773341096269	4.06669526606332
0.344253423118276	4.01920323856659
0.366733505140282	3.97233271906735
0.389213587162289	3.93318234116044
0.411693669184295	3.90732363560273
0.434173751206302	3.89836347126759
0.45536817748771	3.87159781030022
0.476562598682456	3.79165892920405
0.497757024963864	3.66100945817929
0.518951451245272	3.48624734136571
0.540145872440019	3.27685356897726
0.561340298721427	3.04266287921245
0.582534725002835	2.79209311353472
0.603729146197581	2.53178031202063
0.624923572478989	2.26961006147375
0.646117998760397	2.02287546817634
0.667312419955143	1.8306011934439
0.688506846236551	1.75440986407341
0.710756359889596	1.81741782240074
0.733005867312778	1.98048965677986
0.755255380965823	2.19655484404333
0.777504888389004	2.43376191566112
0.799754402042049	2.67764121849543
0.822003909465231	2.92168787133782
0.844253423118276	3.16097062728349
0.86650293677132	3.38969482223146
0.888752444194502	3.60405412786783
0.911001957847547	3.78755028242027
0.933251465270729	3.93744908608194
0.955500978923773	4.05097388928784
0.977750486346955	4.12098850673402
1	4.1446028173866
0	3.8995852623835
0.0211944262814081	3.97817663577232
0.0423888474761543	4.19996301640151
0.0635832737575624	4.53149780444448
0.0847777000389705	4.93467309009345
0.105972121233717	5.37504089461169
0.127166547515125	5.82236773832779
0.148360973796533	6.24735893429858
0.169555394991279	6.61337108937239
0.190749821272687	6.84315407924954
0.211944247554095	6.83969279127751
0.233138668748842	6.75015999272615
0.25433309503025	6.71094077001917
0.276813177052256	6.71825110817708
0.299293259074263	6.70458990524093
0.321773341096269	6.53736316472621
0.344253423118276	6.15210684717835
0.366733505140282	5.66933200638455
0.389213587162289	5.20543125325019
0.411693669184295	4.86425275092036
0.434173751206302	4.73731083088766
0.45536817748771	4.73130228531294
0.476562598682456	4.71215717227456
0.497757024963864	4.67692795471962
0.518951451245272	4.62292369894092
0.540145872440019	4.54880887023982
0.561340298721427	4.45519218726361
0.582534725002835	4.34511506633801
0.603729146197581	4.22460101929865
0.624923572478989	4.10352151971165
0.646117998760397	3.99626785193054
0.667312419955143	3.92060442339856
0.688506846236551	3.89302759109121
0.710756359889596	3.95412394973273
0.733005867312778	4.12825857204446
0.755255380965823	4.39291050075997
0.777504888389004	4.72161312801576
0.799754402042049	5.08993933913628
0.822003909465231	5.4769894310797
0.844253423118276	5.86503110583524
0.86650293677132	6.23761426577921
0.888752444194502	6.57715790819269
0.911001957847547	6.8580076850075
0.933251465270729	7.00825996453989
0.955500978923773	6.92122707578406
0.977750486346955	6.77169535368484
1	6.71094077001917
0	5.89788585807226
0.0211944262814081	5.93962784813684
0.0423888474761543	6.0573467418705
0.0635832737575624	6.23253172358255
0.0847777000389705	6.44137120009057
0.105972121233717	6.66031589594838
0.127166547515125	6.86930421872376
0.148360973796533	7.04875023096679
0.169555394991279	7.16465358119813
0.190749821272687	7.11436422348501
0.211944247554095	6.92202382509083
0.233138668748842	6.7670321389068
0.25433309503025	6.71094077001917
0.276813177052256	6.8101333375736
0.299293259074263	7.09109304837746
0.321773341096269	7.32350601846291
0.344253423118276	7.38704242185641
0.366733505140282	7.52379676675323
0.389213587162289	7.63482683032646
0.411693669184295	7.63468805227098
0.434173751206302	7.63484914366087
0.45536817748771	7.57274215423884
0.476562598682456	7.39349560143634
0.497757024963864	7.11368012930563
0.518951451245272	6.75456578781697
0.540145872440019	6.3386457786257
0.561340298721427	5.88723450625708
0.582534725002835	5.42248475795976
0.603729146197581	4.9680883968291
0.624923572478989	4.55174116891801
0.646117998760397	4.20760206807123
0.667312419955143	3.97566393662659
0.688506846236551	3.89302759109121
0.710756359889596	3.95412394973273
0.733005867312778	4.12825857204446
0.755255380965823	4.39291050075997
0.777504888389004	4.72161312801576
0.799754402042049	5.08993933913628
0.822003909465231	5.4769894310797
0.844253423118276	5.86503110583524
0.86650293677132	6.23761453789305
0.888752444194502	6.57715790819269
0.911001957847547	6.85800795712133
0.933251465270729	7.00826023665372
0.955500978923773	6.92122734789789
0.977750486346955	6.77169535368484
1	6.71094077001917
0	7.08524124037129
0.0211944262814081	7.12192191311827
0.0423888474761543	7.23006539313748
0.0635832737575624	7.40680795443694
0.0847777000389705	7.64790326063275
0.105972121233717	7.9486290482448
0.127166547515125	8.05707239770938
0.148360973796533	7.92486044904819
0.169555394991279	7.63012388692862
0.190749821272687	7.35638471671736
0.211944247554095	7.0349815430661
0.233138668748842	6.79825339179664
0.25433309503025	6.71094077001917
0.276813177052256	6.8101333375736
0.299293259074263	7.09109304837746
0.321773341096269	7.51558736448686
0.344253423118276	7.63508288944452
0.366733505140282	7.63488805593918
0.389213587162289	7.66591284264067
0.411693669184295	7.77089109453954
0.434173751206302	7.80965452657411
0.45536817748771	7.85118998223847
0.476562598682456	7.87596159302823
0.497757024963864	7.69312966834527
0.518951451245272	7.41054707063377
0.540145872440019	7.07967215863893
0.561340298721427	6.7173637449635
0.582534725002835	6.33745718539757
0.603729146197581	5.95856588254733
0.624923572478989	5.60733549517924
0.646117998760397	5.3177201154208
0.667312419955143	5.1249699135922
0.688506846236551	5.05707914462257
0.710756359889596	5.13263019014099
0.733005867312778	5.35014900950718
0.755255380965823	5.68405581384356
0.777504888389004	6.09849933337003
0.799754402042049	6.55537818901082
0.822003909465231	7.01864981496034
0.844253423118276	7.44735509265521
0.86650293677132	7.76636529724781
0.888752444194502	7.84907565774612
0.911001957847547	7.61387216029013
0.933251465270729	7.30336524090491
0.955500978923773	7.00543787196458
0.977750486346955	6.78980915529129
1	6.71094077001917
0	7.58868149419558
0.0211944262814081	7.64866082554738
0.0423888474761543	7.78355010222404
0.0635832737575624	7.91647009108203
0.0847777000389705	8.01825699193247
0.105972121233717	8.07522429525264
0.127166547515125	8.26008863816383
0.148360973796533	7.92770458284408
0.169555394991279	7.67974765420309
0.190749821272687	7.45091787908742
0.211944247554095	7.48584722719699
0.233138668748842	7.59146521872025
0.25433309503025	7.6352581307538
0.276813177052256	7.569911081907
0.299293259074263	7.41543233030059
0.321773341096269	7.51558736448686
0.344253423118276	8.04025032047425
0.366733505140282	8.62012027538785
0.389213587162289	8.39220425852769
0.411693669184295	8.25608230618174
0.434173751206302	8.21124692604907
0.45536817748771	8.17065380059282
0.476562598682456	8.14147204089089
0.497757024963864	8.2889762428109
0.518951451245272	8.46311440260248
0.540145872440019	7.92430615316776
0.561340298721427	7.25048508737562
0.582534725002835	6.6367840357876
0.603729146197581	6.1011075444716
0.624923572478989	5.6604178292874
0.646117998760397	5.33084280507891
0.667312419955143	5.12642245723958
0.688506846236551	5.05707914462257
0.710756359889596	5.13263019014099
0.733005867312778	5.35014900950718
0.755255380965823	5.68405581384356
0.777504888389004	6.09849933337003
0.799754402042049	6.55537846112466
0.822003909465231	7.01864981496034
0.844253423118276	7.44735509265521
0.86650293677132	7.76636529724781
0.888752444194502	7.84907565774612
0.911001957847547	7.69793574288631
0.933251465270729	7.51981247599171
0.955500978923773	7.52616415711145
0.977750486346955	7.60306706415858
1	7.6352581307538
0	8.19962984223603
0.0211944262814081	8.25838411710591
0.0423888474761543	8.4542864855908
0.0635832737575624	8.79311963878297
0.0847777000389705	8.92909682656908
0.105972121233717	8.60260648478598
0.127166547515125	8.30270547420562
0.148360973796533	8.05463289718507
0.169555394991279	7.72494385728001
0.190749821272687	7.56607754220968
0.211944247554095	7.58276791634902
0.233138668748842	7.62053650020546
0.25433309503025	7.63525840286763
0.276813177052256	7.63533786010724
0.299293259074263	7.63537650027171
0.321773341096269	7.63527908351903
0.344253423118276	8.04025032047425
0.366733505140282	8.62012027538785
0.389213587162289	9.19666880884024
0.411693669184295	9.66899774376373
0.434173751206302	9.86542991788397
0.45536817748771	9.82145305689845
0.476562598682456	9.70063206545402
0.497757024963864	9.36696254438113
0.518951451245272	8.63816958601558
0.540145872440019	8.56726869381115
0.561340298721427	8.56035618607896
0.582534725002835	8.43961574032947
0.603729146197581	8.22314156597308
0.624923572478989	7.93842124197949
0.646117998760397	7.64226615044182
0.667312419955143	7.4185632720778
0.688506846236551	7.33563794165041
0.710756359889596	7.42603579008094
0.733005867312778	7.6554489772573
0.755255380965823	7.8997465190549
0.777504888389004	8.04645696492032
0.799754402042049	8.11450909739368
0.822003909465231	8.14110169396244
0.844253423118276	8.12532018002959
0.86650293677132	8.04377909267718
0.888752444194502	7.87302847800854
0.911001957847547	7.69793574288631
0.933251465270729	7.51981247599171
0.955500978923773	7.52616415711145
0.977750486346955	7.60306706415858
1	7.63525840286763
0	9.64679352700039
0.0211944262814081	9.59566551445002
0.0423888474761543	9.4470753062174
0.0635832737575624	9.21807083402013
0.0847777000389705	9.06766481017137
0.105972121233717	8.77045174004602
0.127166547515125	8.42295992464709
0.148360973796533	8.70010677640502
0.169555394991279	9.12386311979586
0.190749821272687	9.54485124915057
0.211944247554095	9.91875307273547
0.233138668748842	10.185342451951
0.25433309503025	10.283450373762
0.276813177052256	10.1336345648198
0.299293259074263	9.76870569492028
0.321773341096269	9.33826650787339
0.344253423118276	8.94121514406487
0.366733505140282	8.62114641665692
0.389213587162289	9.19666880884024
0.411693669184295	9.66899774376373
0.434173751206302	9.8654301899978
0.45536817748771	9.84084579352602
0.476562598682456	9.76964992992523
0.497757024963864	9.52902157106906
0.518951451245272	9.33502372731028
0.540145872440019	9.14217420393217
0.561340298721427	8.96731004443073
0.582534725002835	8.82079035036315
0.603729146197581	8.70684567551094
0.624923572478989	8.62501124944518
0.646117998760397	8.57186551281363
0.667312419955143	8.54267803872118
0.688506846236551	8.5334658969755
0.710756359889596	8.55278489075398
0.733005867312778	8.63669146366778
0.755255380965823	8.77553972451937
0.777504888389004	8.91870098964428
0.799754402042049	9.042097810644
0.822003909465231	9.10784758796553
0.844253423118276	9.10145019172163
0.86650293677132	9.07658279686219
0.888752444194502	9.17545100472616
0.911001957847547	9.43963272073604
0.933251465270729	9.7547734666052
0.955500978923773	10.0313834377681
0.977750486346955	10.2177871286398
1	10.283450373762
0	9.64679352700039
0.0211944262814081	9.60397886420108
0.0423888474761543	9.48517097090265
0.0635832737575624	9.30536495205687
0.0847777000389705	9.19639288541228
0.105972121233717	9.55120483506716
0.127166547515125	9.78902008110456
0.148360973796533	9.92810426465047
0.169555394991279	10.0292805420568
0.190749821272687	10.1238580589818
0.211944247554095	10.2070748233257
0.233138668748842	10.263634772236
0.25433309503025	10.2834506458759
0.276813177052256	10.3061022177828
0.299293259074263	10.3713028693867
0.321773341096269	10.4708570762269
0.344253423118276	10.5915798345772
0.366733505140282	10.7162104197015
0.389213587162289	10.8252262966734
0.411693669184295	10.8999375988992
0.434173751206302	10.9265802644135
0.45536817748771	10.6626733833763
0.476562598682456	10.0708647060975
0.497757024963864	9.65721984067463
0.518951451245272	9.51222044659916
0.540145872440019	9.34614991776629
0.561340298721427	9.17123133549799
0.582534725002835	9.0001277891863
0.603729146197581	8.8443886062995
0.624923572478989	8.71356171705479
0.646117998760397	8.61512997978101
0.667312419955143	8.55411607163127
0.688506846236551	8.5334658969755
0.710756359889596	8.56335841801256
0.733005867312778	8.64869277221483
0.755255380965823	8.77553972451937
0.777504888389004	8.91870126175812
0.799754402042049	9.042097810644
0.822003909465231	9.10784758796553
0.844253423118276	9.10145019172163
0.86650293677132	9.07658279686219
0.888752444194502	9.17545100472616
0.911001957847547	9.43963299284987
0.933251465270729	9.7547734666052
0.955500978923773	10.0313834377681
0.977750486346955	10.2177874007536
1	10.2834506458759
0	11.6159665136403
0.0211944262814081	11.6941211443251
0.0423888474761543	11.9093640035813
0.0635832737575624	12.2222241634054
0.0847777000389705	12.5935819947536
0.105972121233717	12.9524106167163
0.127166547515125	12.9643332843652
0.148360973796533	12.9120697407844
0.169555394991279	12.7940082557334
0.190749821272687	12.674295583936
0.211944247554095	12.5963453107407
0.233138668748842	12.5643654044809
0.25433309503025	12.5581884204428
0.276813177052256	12.5704068758296
0.299293259074263	12.6503120148103
0.321773341096269	12.825297264968
0.344253423118276	13.0754395398121
0.366733505140282	13.3650440350171
0.389213587162289	13.5755074868881
0.411693669184295	13.2660843969048
0.434173751206302	13.1021839759004
0.45536817748771	12.7759317337222
0.476562598682456	12.2357498536521
0.497757024963864	11.6897626970414
0.518951451245272	11.164863274132
0.540145872440019	10.6623890244194
0.561340298721427	10.1755093464355
0.582534725002835	9.70523024502567
0.603729146197581	9.27659081887869
0.624923572478989	8.93450917073289
0.646117998760397	8.70366820226807
0.667312419955143	8.57474747043248
0.688506846236551	8.5334658969755
0.710756359889596	8.56335841801256
0.733005867312778	8.64869277221483
0.755255380965823	8.87156543127046
0.777504888389004	9.3263291460774
0.799754402042049	9.9387686779297
0.822003909465231	10.6233608256241
0.844253423118276	11.3157514836951
0.86650293677132	11.9387773321562
0.888752444194502	12.3734544200582
0.911001957847547	12.5539083419434
0.933251465270729	12.5854593968004
0.955500978923773	12.5758233017009
0.977750486346955	12.5632149071896
1	12.5581884204428
0	13.1283243192765
0.0211944262814081	13.1094948582859
0.0423888474761543	13.0590893079656
0.0635832737575624	12.9965785016135
0.0847777000389705	12.9530620572356
0.105972121233717	12.9893960569577
0.127166547515125	13.3819521002239
0.148360973796533	13.7564591049762
0.169555394991279	14.1113703761806
0.190749821272687	14.4405698832978
0.211944247554095	14.7226839009867
0.233138668748842	14.9209454964148
0.25433309503025	14.9934047845481
0.276813177052256	14.9130620865219
0.299293259074263	14.7033665398912
0.321773341096269	14.427330184691
0.344253423118276	14.1359479698065
0.366733505140282	13.8557899063585
0.389213587162289	13.5755074868881
0.411693669184295	13.2660843969048
0.434173751206302	13.1021839759004
0.45536817748771	13.2934117008262
0.476562598682456	13.6497711618566
0.497757024963864	14.0298292888282
0.518951451245272	14.4467027848948
0.540145872440019	14.5831275999383
0.561340298721427	14.6239707980082
0.582534725002835	14.6512488493256
0.603729146197581	14.6934697597385
0.624923572478989	14.7538292341168
0.646117998760397	14.822610631666
0.667312419955143	14.880885169846
0.688506846236551	14.9045471004196
0.710756359889596	14.87929575294
0.733005867312778	14.8233578562549
0.755255380965823	14.7663698722833
0.777504888389004	14.7190373034935
0.799754402042049	14.6748419350991
0.822003909465231	14.610368915888
0.844253423118276	14.4774628048355
0.86650293677132	14.3019493817255
0.888752444194502	14.2884242357065
0.911001957847547	14.5272658951268
0.933251465270729	14.8452600266622
0.955500978923773	15.08165592694
0.977750486346955	15.040026319889
1	14.9934047845481
0	13.6215472428513
0.0211944262814081	13.6357317206908
0.0423888474761543	13.6772549312326
0.0635832737575624	13.7449046073451
0.0847777000389705	13.8398908392492
0.105972121233717	13.9732511082911
0.127166547515125	14.1644026413433
0.148360973796533	14.4128085578108
0.169555394991279	14.6838412838263
0.190749821272687	14.9343179865727
0.211944247554095	15.1342324014302
0.233138668748842	15.093394645637
0.25433309503025	14.9934047845481
0.276813177052256	14.9130620865219
0.299293259074263	14.7033665398912
0.321773341096269	14.427330184691
0.344253423118276	14.1359479698065
0.366733505140282	13.8557899063585
0.389213587162289	13.6470739695312
0.411693669184295	13.860598429924
0.434173751206302	13.8071016664462
0.45536817748771	13.8563066505298
0.476562598682456	14.0429133383219
0.497757024963864	14.2823204502898
0.518951451245272	14.4781327490955
0.540145872440019	14.8928048442428
0.561340298721427	15.341404092248
0.582534725002835	15.7627987596711
0.603729146197581	16.1305132588922
0.624923572478989	16.4247605603377
0.646117998760397	16.6360999466412
0.667312419955143	16.7617485096196
0.688506846236551	16.8034442403324
0.710756359889596	16.777253283783
0.733005867312778	16.7008614065167
0.755255380965823	16.5832619707563
0.777504888389004	16.4471250521494
0.799754402042049	16.2748016195187
0.822003909465231	15.6897389163055
0.844253423118276	15.2967273544807
0.86650293677132	15.1597702847773
0.888752444194502	15.1878235884085
0.911001957847547	15.2775561185142
0.933251465270729	15.2944375165652
0.955500978923773	15.190496018375
0.977750486346955	15.0424111255326
1	14.9934047845481
0	16.9343892269812
0.0211944262814081	16.6878336845867
0.0423888474761543	16.1910234843346
0.0635832737575624	15.7161731426227
0.0847777000389705	15.3916349454867
0.105972121233717	15.2728950806469
0.127166547515125	15.3166626860938
0.148360973796533	15.3891034704864
0.169555394991279	15.5858055815303
0.190749821272687	15.5958185542902
0.211944247554095	15.3476382201913
0.233138668748842	15.0952281486523
0.25433309503025	14.9934047845481
0.276813177052256	15.2577873205677
0.299293259074263	15.1101554972594
0.321773341096269	14.8818522624131
0.344253423118276	14.6010694256015
0.366733505140282	14.3082493612167
0.389213587162289	14.0496672036887
0.411693669184295	13.8709863755476
0.434173751206302	13.8260135779286
0.45536817748771	13.8793097935105
0.476562598682456	14.0868485658907
0.497757024963864	14.4068106246756
0.518951451245272	14.8137386322132
0.540145872440019	15.2845410085263
0.561340298721427	15.7951656118033
0.582534725002835	16.3050239425229
0.603729146197581	16.7009065774132
0.624923572478989	16.8405268252126
0.646117998760397	16.8387716909815
0.667312419955143	16.8142950515881
0.688506846236551	16.8034445124462
0.710756359889596	16.777253283783
0.733005867312778	16.7008614065167
0.755255380965823	16.5832622428701
0.777504888389004	16.4471253242633
0.799754402042049	16.33068318864
0.822003909465231	16.2800779067653
0.844253423118276	16.3232906721042
0.86650293677132	16.4087746889153
0.888752444194502	16.1893505284815
0.911001957847547	15.7831011728467
0.933251465270729	15.4390564955004
0.955500978923773	15.190496018375
0.977750486346955	15.0424113976464
1	14.9934047845481
0	17.5876186225919
0.0211944262814081	17.419144240147
0.0423888474761543	16.9944096475219
0.0635832737575624	16.4589135676781
0.0847777000389705	15.9309637486864
0.105972121233717	15.5141302533535
0.127166547515125	15.3634635444515
0.148360973796533	15.6389643796259
0.169555394991279	16.0705309342882
0.190749821272687	15.8137602385549
0.211944247554095	15.3815708153259
0.233138668748842	15.263579807758
0.25433309503025	15.3082802194288
0.276813177052256	15.2919591037626
0.299293259074263	16.0286115260036
0.321773341096269	16.4856729700272
0.344253423118276	15.7076916265221
0.366733505140282	14.9480885792703
0.389213587162289	14.3066855230111
0.411693669184295	13.9304990316736
0.434173751206302	13.8260135779286
0.45536817748771	13.9726638866367
0.476562598682456	14.4272093661485
0.497757024963864	15.1069162541761
0.518951451245272	15.9005182923381
0.540145872440019	16.7643719590959
0.561340298721427	17.5118452600709
0.582534725002835	17.4746135568095
0.603729146197581	17.5846724461082
0.624923572478989	17.5690248121818
0.646117998760397	17.1657586405122
0.667312419955143	16.8979216193664
0.688506846236551	16.80344478456
0.710756359889596	16.924621156672
0.733005867312778	17.2418582675205
0.755255380965823	17.4876423671948
0.777504888389004	16.9381838544002
0.799754402042049	16.33068318864
0.822003909465231	16.2800781788792
0.844253423118276	16.3232906721042
0.86650293677132	16.4087749610291
0.888752444194502	16.1893505284815
0.911001957847547	15.7831011728467
0.933251465270729	15.4390564955004
0.955500978923773	15.1908260924559
0.977750486346955	15.2594142891828
1	15.3082802194288
0	17.5876186225919
0.0211944262814081	17.6008651240446
0.0423888474761543	17.6392712706148
0.0635832737575624	17.700103678837
0.0847777000389705	17.7778378936479
0.105972121233717	17.8559457207532
0.127166547515125	17.6549297890945
0.148360973796533	16.9889434248189
0.169555394991279	16.3580556634579
0.190749821272687	16.6158277381013
0.211944247554095	17.1957278976505
0.233138668748842	17.6528930170449
0.25433309503025	17.8114161965702
0.276813177052256	17.6801087542942
0.299293259074263	17.1961586538502
0.321773341096269	16.4856732421411
0.344253423118276	15.7076918986359
0.366733505140282	14.9480885792703
0.389213587162289	14.3066855230111
0.411693669184295	13.9304990316736
0.434173751206302	13.9418997849884
0.45536817748771	14.3398619138003
0.476562598682456	14.9691199854079
0.497757024963864	15.6413595255952
0.518951451245272	16.3284113102376
0.540145872440019	17.0320748281214
0.561340298721427	17.6850364637192
0.582534725002835	18.2687255362969
0.603729146197581	18.037971644259
0.624923572478989	17.9810154976061
0.646117998760397	18.5367010633843
0.667312419955143	19.08341884564
0.688506846236551	19.3671560223503
0.710756359889596	19.054741312873
0.733005867312778	18.4482156309811
0.755255380965823	17.9665613549568
0.777504888389004	18.2919844662819
0.799754402042049	18.6354900861225
0.822003909465231	18.2147993771886
0.844253423118276	17.5368380994079
0.86650293677132	16.9917761298338
0.888752444194502	16.919143505188
0.911001957847547	16.8883481104488
0.933251465270729	16.8517085268908
0.955500978923773	17.1904537873145
0.977750486346955	17.6162893525131
1	17.8114161965702
0	17.6007693399749
0.0211944262814081	17.648733757088
0.0423888474761543	17.7757875159066
0.0635832737575624	17.9359518139664
0.0847777000389705	18.0741655053565
0.105972121233717	18.159060939944
0.127166547515125	18.0836181957317
0.148360973796533	18.1647862150173
0.169555394991279	17.5995510863389
0.190749821272687	17.3659261212355
0.211944247554095	17.5089676562734
0.233138668748842	17.7215037992201
0.25433309503025	17.811444496409
0.276813177052256	17.6801095706357
0.299293259074263	17.196158925964
0.321773341096269	16.9131050270915
0.344253423118276	17.5004420577316
0.366733505140282	17.4150973632036
0.389213587162289	17.3528246564565
0.411693669184295	17.3156008444963
0.434173751206302	17.3035897398512
0.45536817748771	17.3126688179319
0.476562598682456	17.3600604354238
0.497757024963864	17.5004951199293
0.518951451245272	17.6546119601361
0.540145872440019	17.5841611442136
0.561340298721427	17.7388652060748
0.582534725002835	18.6541628095445
0.603729146197581	19.2937149475029
0.624923572478989	19.8217578294259
0.646117998760397	20.2288270640434
0.667312419955143	20.4894111630502
0.688506846236551	20.5833448586434
0.710756359889596	20.5117658587639
0.733005867312778	20.3314044555824
0.755255380965823	20.0444242261951
0.777504888389004	19.5810568161759
0.799754402042049	18.9292440451865
0.822003909465231	18.2148001935301
0.844253423118276	17.5368397320909
0.86650293677132	16.9917761298338
0.888752444194502	16.9191448657572
0.911001957847547	17.1704936933425
0.933251465270729	17.4571661619832
0.955500978923773	17.68681499974
0.977750486346955	17.7927935420937
1	17.811444496409