91.1748
81.64305
93.0148
84.629425
88.4625
68.140425
74.328175
77.47105
86.18625
61.428625
90.2348
93.62
95.05
81.43625
82.99
80.4
93.67
85.855
99.6325
86.4975
83.690875
88.575
82.340875
81.73375
72.72625
65.562625
87.49625
85.6575
94.7023
89.276125
90.4175
85.605
84.8925
80.674175
67.721125
71.18
89.0123
71.615125
82.39
81.76
82.8025
94.93375
98.3725
83.18125
68.665
74.581
88.261625
80.2325
76.35625
96.9625
77.3575
85.132375
78.87625
66.35
77.687625
92.4343
91.26625
74.49125
90.11875
86.96875
90.2725
91.0925
86.48125
75.78625
87.41
84.265
80.864125
88.659125
88.67
88.025
80.68875
82.78375
91.41875
88.7
83.247925
90.228175
78.525
85.82
88.31375
84.4225
87.4298
85.795
90.4
91.9
81.4075
88.942375
86.35625
90.39875
95.225
90.82625
88.8825
87.53105
84.02125
88.618875
77.99625
83.61355
77.89
88.9898
96.55375
93.495875
92.8225
70.28
88.105
84.47875
90.0125
91.045
78.449425
86.16355
90.22
92.326375
94.99
81.97
84.82
89.71625
88.32125
82.27
96.90125
83.597875
87.46825
85.12
85.21
86.125
84.49
90.58
90.57875
85.97875
92.6948
100
78.01075
91.11125
90.32105
86.97625
90.47
91.367
94.145
80.88125
77.603875
92.07125
72.3025
80.4825
77.192125
84.97105
87.7375
87.55
84.895
84.37
86.8273
90.89875
95.95105
60
